                              (1)             (2)             (3)             (4)             (5)             (6)   
                     Frac. Public    Frac. Public    Frac. Public    Frac. Public    Frac. Public    Frac. Public   
--------------------------------------------------------------------------------------------------------------------
Black                     -0.0329*        -0.0306         -0.0197         -0.0197         -0.0197         -0.0197   
                         (0.0163)        (0.0164)        (0.0181)        (0.0181)        (0.0181)        (0.0181)   

momworkhours96         0.00000883      0.00000916       0.0000134       0.0000134       0.0000134       0.0000134   
                     (0.00000981)     (0.0000101)    (0.00000994)    (0.00000994)    (0.00000994)    (0.00000994)   

dadworkhours96          0.0000160       0.0000159      0.00000749      0.00000749      0.00000749      0.00000749   
                      (0.0000135)     (0.0000141)     (0.0000128)     (0.0000128)     (0.0000128)     (0.0000128)   

Child Age (Months)      -0.000788       -0.000814        -0.00115        -0.00115        -0.00115        -0.00115   
                        (0.00104)       (0.00103)       (0.00128)       (0.00128)       (0.00128)       (0.00128)   

Child Age$^2$/1000        0.00894         0.00913          0.0101          0.0101          0.0101          0.0101   
                        (0.00819)       (0.00821)       (0.00853)       (0.00853)       (0.00853)       (0.00853)   

Mom HS Grad                -0.125          -0.125          -0.141          -0.141          -0.141          -0.141   
                          (0.107)         (0.108)         (0.112)         (0.112)         (0.112)         (0.112)   

Mom Col. Grad             -0.0123         -0.0121       -0.000824       -0.000824       -0.000824       -0.000824   
                         (0.0227)        (0.0230)        (0.0241)        (0.0241)        (0.0241)        (0.0241)   

Dad HS Grad                0.0629          0.0632          0.0592          0.0592          0.0592          0.0592   
                         (0.0554)        (0.0544)        (0.0528)        (0.0528)        (0.0528)        (0.0528)   

Dad Col. Grad              0.0244          0.0239        0.000657        0.000657        0.000657        0.000657   
                         (0.0270)        (0.0283)        (0.0249)        (0.0249)        (0.0249)        (0.0249)   

Age of Mother            -0.00305        -0.00319        -0.00130        -0.00130        -0.00130        -0.00130   
                        (0.00248)       (0.00240)       (0.00245)       (0.00245)       (0.00245)       (0.00245)   

Total Income / ~100k       0.0386          0.0359          0.0220          0.0220          0.0220          0.0220   
                         (0.0363)        (0.0374)        (0.0303)        (0.0303)        (0.0303)        (0.0303)   

Rooms                                                           X               X               X               X   

Largest City                                                    X               X               X               X   

Family Dummies                                                  X               X               X               X   
--------------------------------------------------------------------------------------------------------------------
Observations                  449             446             446             446             446             446   
R-squared                   0.058           0.058           0.202           0.202           0.202           0.202   
