                      (1)             (2)             (3)             (4)             (5)             (6)      
                    BTOT02          BTOT02          BTOT02          BTOT02          BTOT02          BTOT02     
_________________________________________________________________________________________________________
Math Resid.          0.715           0.833           0.655           0.858           0.842           0.85      
                    (0.403)         (0.466)         (0.446)         (0.476)         (0.497)         (0.496)    
Age (Months)       -0.154***       -0.182***       -0.171***       -0.184***       -0.184***       -0.184***   
                    (0.044)         (0.043)         (0.044)         (0.043)         (0.043)         (0.043)    
1997 Math           -0.072          -0.073          -0.072          -0.071          -0.072          -0.072     
                    (0.058)         (0.058)         (0.059)         (0.059)         (0.059)         (0.059)    
mathresids:chagem     -0.005          -0.006          -0.004          -0.006          -0.006          -0.006     
                    (0.004)         (0.004)         (0.004)         (0.004)         (0.004)         (0.004)    
Age of Youngest                                                                                                
Family Size                                                                                                    
_________________________________________________________________________________________________________
1 S.D. Effect        8.943           9.469           7.869           9.776           9.46            9.54      
R2                   0.06            0.054           0.056           0.057           0.056           0.057     
N                     436             436             431             431             431             431      
