                              (1)             (2)             (3)             (4)             (5)             (6)   
                     Frac. Public    Frac. Public    Frac. Public    Frac. Public    Frac. Public    Frac. Public   
--------------------------------------------------------------------------------------------------------------------
Black                    -0.00481        -0.00310          0.0201          0.0201          0.0201          0.0201   
                         (0.0172)        (0.0198)        (0.0244)        (0.0244)        (0.0244)        (0.0244)   

momworkhours96         -0.0000104     -0.00000836     -0.00000896     -0.00000896     -0.00000896     -0.00000896   
                      (0.0000111)     (0.0000102)    (0.00000813)    (0.00000813)    (0.00000813)    (0.00000813)   

dadworkhours96          0.0000212       0.0000166       0.0000212       0.0000212       0.0000212       0.0000212   
                      (0.0000147)     (0.0000132)     (0.0000147)     (0.0000147)     (0.0000147)     (0.0000147)   

Child Age (Months)        0.00147         0.00157        0.000499        0.000499        0.000499        0.000499   
                       (0.000844)      (0.000898)      (0.000574)      (0.000574)      (0.000574)      (0.000574)   

Child Age$^2$/1000       -0.00876        -0.00908       -0.000884       -0.000884       -0.000884       -0.000884   
                        (0.00506)       (0.00522)       (0.00349)       (0.00349)       (0.00349)       (0.00349)   

Mom HS Grad               -0.0120         -0.0176         -0.0929         -0.0929         -0.0929         -0.0929   
                         (0.0240)        (0.0231)        (0.0550)        (0.0550)        (0.0550)        (0.0550)   

Mom Col. Grad              0.0309          0.0305          0.0283          0.0283          0.0283          0.0283   
                         (0.0183)        (0.0183)        (0.0220)        (0.0220)        (0.0220)        (0.0220)   

Dad HS Grad               0.00157       -0.000212          0.0199          0.0199          0.0199          0.0199   
                         (0.0104)        (0.0114)        (0.0429)        (0.0429)        (0.0429)        (0.0429)   

Dad Col. Grad           -0.000459       -0.000619        -0.00539        -0.00539        -0.00539        -0.00539   
                        (0.00831)       (0.00850)        (0.0145)        (0.0145)        (0.0145)        (0.0145)   

Age of Mother             0.00140        0.000824         0.00287         0.00287         0.00287         0.00287   
                        (0.00106)      (0.000922)       (0.00212)       (0.00212)       (0.00212)       (0.00212)   

Total Income / ~100k     -0.00414         -0.0195         -0.0254         -0.0254         -0.0254         -0.0254   
                         (0.0183)        (0.0179)        (0.0253)        (0.0253)        (0.0253)        (0.0253)   

Rooms                                                           X               X               X               X   

Largest City                                                    X               X               X               X   

Family Dummies                                                  X               X               X               X   
--------------------------------------------------------------------------------------------------------------------
Observations                  190             189             189             189             189             189   
R-squared                   0.060           0.072           0.233           0.233           0.233           0.233   
