                              (1)             (2)             (3)             (4)             (5)             (6)   
                       FfracTOT97      FfracTOT97      FfracTOT97      FfracTOT97      FfracTOT97      FfracTOT97   
--------------------------------------------------------------------------------------------------------------------
Black                       0.266           0.372           0.339           0.308           0.340           0.314   
                          (0.349)         (0.357)         (0.361)         (0.356)         (0.362)         (0.358)   

% Married                  -0.120         -0.0107         -0.0627         -0.0554         -0.0834         -0.0686   
                          (0.355)         (0.365)         (0.365)         (0.366)         (0.367)         (0.369)   

Black * % Married          -0.671          -0.757          -0.759          -0.636          -0.782          -0.664   
                          (0.611)         (0.603)         (0.626)         (0.596)         (0.629)         (0.601)   

Child Age (Months)                        0.00251*                                        0.00175         0.00176   
                                        (0.00101)                                       (0.00134)       (0.00135)   

Child Age$^2$/1000                        -0.0121*                                       -0.00732        -0.00737   
                                        (0.00614)                                       (0.00787)       (0.00788)   

Mom HS Grad                                0.0908           0.103*          0.102           0.103           0.101   
                                         (0.0543)        (0.0521)        (0.0526)        (0.0535)        (0.0539)   

Mom Col. Grad                              0.0327          0.0309          0.0309          0.0341          0.0334   
                                         (0.0301)        (0.0298)        (0.0296)        (0.0303)        (0.0300)   

Dad HS Grad                               -0.0503         -0.0556         -0.0538         -0.0572         -0.0551   
                                         (0.0478)        (0.0509)        (0.0509)        (0.0505)        (0.0505)   

Dad Col. Grad                             0.00270         0.00958          0.0116          0.0111          0.0121   
                                         (0.0296)        (0.0291)        (0.0288)        (0.0297)        (0.0295)   

Urban Area                                -0.0961                         -0.0950                         -0.0960   
                                         (0.0887)                        (0.0838)                        (0.0862)   

Age of Mother                           -0.000238                                       -0.000870       -0.000528   
                                        (0.00262)                                       (0.00287)       (0.00285)   

Total Income / ~100k                       0.0309          0.0301          0.0320          0.0296          0.0312   
                                         (0.0290)        (0.0292)        (0.0293)        (0.0297)        (0.0299)   

Dummies                                                         X               X               X               X   
--------------------------------------------------------------------------------------------------------------------
Observations                  945             945             945             945             945             945   
R-squared                   0.002           0.029           0.054           0.056           0.057           0.059   
