                              (1)             (2)             (3)             (4)             (5)             (6)   
                     Public/All~e    Public/All~e    Public/All~e    Public/All~e    Public/All~e    Public/All~e   
--------------------------------------------------------------------------------------------------------------------
Black                       0.577           0.743           0.626           0.622           0.619           0.616   
                          (0.419)         (0.437)         (0.428)         (0.429)         (0.431)         (0.432)   

% Married                -0.00410           0.142           0.120           0.124          0.0741          0.0792   
                          (0.433)         (0.448)         (0.435)         (0.435)         (0.441)         (0.441)   

Black * % Married          -0.991          -1.186          -0.988          -0.961          -1.010          -0.987   
                          (0.689)         (0.720)         (0.708)         (0.713)         (0.716)         (0.719)   

Child Age (Months)                        0.00374**                                       0.00194         0.00192   
                                        (0.00122)                                       (0.00146)       (0.00146)   

Child Age$^2$/1000                        -0.0190**                                      -0.00865        -0.00862   
                                        (0.00736)                                       (0.00917)       (0.00918)   

Mom HS Grad                                0.0923           0.103           0.102           0.108           0.107   
                                         (0.0594)        (0.0596)        (0.0599)        (0.0598)        (0.0600)   

Mom Col. Grad                              0.0399          0.0348          0.0364          0.0396          0.0408   
                                         (0.0354)        (0.0344)        (0.0345)        (0.0348)        (0.0349)   

Dad HS Grad                               -0.0226         -0.0187         -0.0182         -0.0215         -0.0210   
                                         (0.0665)        (0.0682)        (0.0682)        (0.0677)        (0.0678)   

Dad Col. Grad                              0.0428          0.0567          0.0563          0.0623          0.0616   
                                         (0.0353)        (0.0330)        (0.0330)        (0.0342)        (0.0342)   

Urban Area                                -0.0495                         -0.0658                         -0.0583   
                                          (0.110)                         (0.104)                         (0.106)   

Age of Mother                           -0.000936                                        -0.00223        -0.00213   
                                        (0.00318)                                       (0.00333)       (0.00333)   

Total Income / ~100k                       0.0217          0.0217          0.0230          0.0218          0.0228   
                                         (0.0345)        (0.0336)        (0.0337)        (0.0341)        (0.0341)   

Dummies                                                         X               X               X               X   
--------------------------------------------------------------------------------------------------------------------
Observations                  803             803             803             803             803             803   
R-squared                   0.010           0.046           0.097           0.098           0.100           0.101   
