                              (1)             (2)             (3)             (4)             (5)             (6)   
                     Public/All~e    Public/All~e    Public/All~e    Public/All~e    Public/All~e    Public/All~e   
--------------------------------------------------------------------------------------------------------------------
Black                      -0.183          -0.168          -0.119         -0.0934         -0.0767         -0.0734   
                          (0.148)         (0.151)         (0.220)         (0.218)         (0.219)         (0.218)   

% Married                  -0.141          -0.157          0.0543          0.0577           0.151           0.151   
                          (0.175)         (0.180)         (0.216)         (0.217)         (0.223)         (0.224)   

Black * % Married           0.286           0.253           0.357           0.287           0.302           0.293   
                          (0.201)         (0.222)         (0.360)         (0.349)         (0.358)         (0.355)   

Child Age (Months)                        0.00133                                        0.000256        0.000259   
                                       (0.000787)                                      (0.000383)      (0.000387)   

Child Age$^2$/1000                       -0.00779                                        0.000715        0.000701   
                                        (0.00461)                                       (0.00230)       (0.00231)   

Mom HS Grad                               -0.0146         -0.0524         -0.0533         -0.0582         -0.0583   
                                         (0.0256)        (0.0380)        (0.0382)        (0.0418)        (0.0420)   

Mom Col. Grad                              0.0306          0.0355          0.0361          0.0334          0.0335   
                                         (0.0179)        (0.0220)        (0.0224)        (0.0211)        (0.0213)   

Dad HS Grad                               0.00617          0.0249          0.0247          0.0196          0.0196   
                                        (0.00887)        (0.0334)        (0.0336)        (0.0354)        (0.0356)   

Dad Col. Grad                             0.00380        -0.00267        -0.00328        -0.00840        -0.00845   
                                        (0.00689)       (0.00909)       (0.00926)       (0.00974)       (0.00984)   

Urban Area                                -0.0178                          0.0140                         0.00181   
                                         (0.0115)                        (0.0138)                        (0.0107)   

Age of Mother                             0.00129                                         0.00332         0.00330   
                                       (0.000980)                                       (0.00203)       (0.00203)   

Total Income / ~100k                     -0.00582        -0.00324        -0.00363         -0.0113         -0.0113   
                                         (0.0152)        (0.0117)        (0.0118)        (0.0128)        (0.0129)   

Dummies                                                         X               X               X               X   
--------------------------------------------------------------------------------------------------------------------
Observations                  190             190             190             190             190             190   
R-squared                   0.002           0.047           0.131           0.131           0.150           0.150   
