                              (1)             (2)             (3)             (4)             (5)             (6)   
                         Florec97        Florec97        Florec97        Florec97        Florec97        Florec97   
--------------------------------------------------------------------------------------------------------------------
Black                       3.264           5.015           2.105           2.307           2.473           2.696   
                          (2.883)         (3.159)         (2.787)         (2.793)         (2.852)         (2.867)   

% Married                   2.038           2.830           2.149           2.019           2.740           2.599   
                          (2.771)         (2.855)         (2.700)         (2.703)         (2.728)         (2.728)   

Black * % Married          -4.454          -7.683          -1.601          -2.317          -1.953          -2.721   
                          (5.116)         (5.687)         (4.989)         (5.062)         (5.081)         (5.179)   

Child Age (Months)                         0.0129                                         0.00841         0.00933   
                                        (0.00776)                                       (0.00926)       (0.00926)   

Child Age$^2$/1000                        -0.0736                                         -0.0479         -0.0525   
                                         (0.0456)                                        (0.0563)        (0.0564)   

Mom HS Grad                               -0.0258          -0.103          -0.112          -0.268          -0.263   
                                          (0.710)         (0.615)         (0.614)         (0.654)         (0.653)   

Mom Col. Grad                               0.111         -0.0455         -0.0537         -0.0918          -0.101   
                                          (0.218)         (0.218)         (0.218)         (0.218)         (0.219)   

Dad HS Grad                                -0.436          -0.436          -0.433          -0.439          -0.436   
                                          (0.462)         (0.445)         (0.447)         (0.431)         (0.433)   

Dad Col. Grad                             -0.0307           0.156           0.157          0.0783          0.0863   
                                          (0.235)         (0.234)         (0.235)         (0.250)         (0.251)   

Urban Area                                  0.730                           0.865                           0.877   
                                          (0.528)                         (0.566)                         (0.577)   

Age of Mother                              0.0235                                          0.0335          0.0317   
                                         (0.0204)                                        (0.0244)        (0.0245)   

Total Income / ~100k                        0.260           0.257           0.252           0.204           0.203   
                                          (0.212)         (0.197)         (0.198)         (0.203)         (0.203)   

Dummies                                                         X               X               X               X   
--------------------------------------------------------------------------------------------------------------------
Observations                  278             278             278             278             278             278   
R-squared                   0.014           0.060           0.163           0.165           0.176           0.178   
