                              (1)             (2)             (3)             (4)             (5)             (6)   
                     Frac. Public    Frac. Public    Frac. Public    Frac. Public    Frac. Public    Frac. Public   
--------------------------------------------------------------------------------------------------------------------
Black                    0.000744         0.00169         0.00319         0.00319         0.00319         0.00319   
                        (0.00402)       (0.00544)       (0.00738)       (0.00738)       (0.00738)       (0.00738)   

momworkhours96         0.00000146    -0.000000543     -0.00000381     -0.00000381     -0.00000381     -0.00000381   
                     (0.00000292)    (0.00000277)    (0.00000398)    (0.00000398)    (0.00000398)    (0.00000398)   

dadworkhours96         0.00000285      0.00000227     -0.00000248     -0.00000248     -0.00000248     -0.00000248   
                     (0.00000369)    (0.00000364)    (0.00000407)    (0.00000407)    (0.00000407)    (0.00000407)   

Child Age (Months)     -0.0000997       -0.000206       -0.000323       -0.000323       -0.000323       -0.000323   
                       (0.000216)      (0.000194)      (0.000450)      (0.000450)      (0.000450)      (0.000450)   

Child Age$^2$/1000       0.000290        0.000850        0.000436        0.000436        0.000436        0.000436   
                        (0.00139)       (0.00129)       (0.00289)       (0.00289)       (0.00289)       (0.00289)   

Mom HS Grad              -0.00621        -0.00383         0.00244         0.00244         0.00244         0.00244   
                        (0.00373)       (0.00387)       (0.00610)       (0.00610)       (0.00610)       (0.00610)   

Mom Col. Grad            -0.00762        -0.00580        -0.00442        -0.00442        -0.00442        -0.00442   
                         (0.0100)       (0.00999)       (0.00968)       (0.00968)       (0.00968)       (0.00968)   

Dad HS Grad              -0.00893**      -0.00791**      -0.00595        -0.00595        -0.00595        -0.00595   
                        (0.00314)       (0.00305)       (0.00398)       (0.00398)       (0.00398)       (0.00398)   

Dad Col. Grad             0.00840         0.00621         0.00689         0.00689         0.00689         0.00689   
                        (0.00887)       (0.00905)        (0.0109)        (0.0109)        (0.0109)        (0.0109)   

Age of Mother            0.000821*       0.000658     -0.00000452     -0.00000452     -0.00000452     -0.00000452   
                       (0.000391)      (0.000367)      (0.000714)      (0.000714)      (0.000714)      (0.000714)   

Total Income / ~100k     -0.00475        -0.00271       -0.000362       -0.000362       -0.000362       -0.000362   
                        (0.00476)       (0.00439)       (0.00406)       (0.00406)       (0.00406)       (0.00406)   

Rooms                                                           X               X               X               X   

Largest City                                                    X               X               X               X   

Family Dummies                                                  X               X               X               X   
--------------------------------------------------------------------------------------------------------------------
Observations                  648             638             638             638             638             638   
R-squared                   0.010           0.010           0.074           0.074           0.074           0.074   
