                              (1)             (2)             (3)             (4)             (5)             (6)   
                     Frac. Public    Frac. Public    Frac. Public    Frac. Public    Frac. Public    Frac. Public   
--------------------------------------------------------------------------------------------------------------------
Black                     -0.0234         -0.0217        -0.00984        -0.00984        -0.00984        -0.00984   
                         (0.0174)        (0.0201)        (0.0197)        (0.0197)        (0.0197)        (0.0197)   

momworkhours96          0.0000103       0.0000101       0.0000157       0.0000157       0.0000157       0.0000157   
                      (0.0000105)     (0.0000113)     (0.0000117)     (0.0000117)     (0.0000117)     (0.0000117)   

dadworkhours96          0.0000159       0.0000159      0.00000441      0.00000441      0.00000441      0.00000441   
                      (0.0000141)     (0.0000145)     (0.0000166)     (0.0000166)     (0.0000166)     (0.0000166)   

Child Age (Months)       -0.00139        -0.00144        -0.00170        -0.00170        -0.00170        -0.00170   
                        (0.00133)       (0.00133)       (0.00157)       (0.00157)       (0.00157)       (0.00157)   

Child Age$^2$/1000         0.0140          0.0143          0.0152          0.0152          0.0152          0.0152   
                         (0.0107)        (0.0108)        (0.0112)        (0.0112)        (0.0112)        (0.0112)   

Mom HS Grad                -0.142          -0.142          -0.155          -0.155          -0.155          -0.155   
                          (0.121)         (0.122)         (0.122)         (0.122)         (0.122)         (0.122)   

Mom Col. Grad             -0.0225         -0.0214         0.00398         0.00398         0.00398         0.00398   
                         (0.0288)        (0.0290)        (0.0315)        (0.0315)        (0.0315)        (0.0315)   

Dad HS Grad                0.0784          0.0792          0.0641          0.0641          0.0641          0.0641   
                         (0.0657)        (0.0652)        (0.0619)        (0.0619)        (0.0619)        (0.0619)   

Dad Col. Grad              0.0265          0.0252         0.00833         0.00833         0.00833         0.00833   
                         (0.0324)        (0.0342)        (0.0308)        (0.0308)        (0.0308)        (0.0308)   

Age of Mother            -0.00391        -0.00400        -0.00245        -0.00245        -0.00245        -0.00245   
                        (0.00307)       (0.00296)       (0.00308)       (0.00308)       (0.00308)       (0.00308)   

Total Income / ~100k       0.0837          0.0833          0.0416          0.0416          0.0416          0.0416   
                         (0.0522)        (0.0575)        (0.0386)        (0.0386)        (0.0386)        (0.0386)   

Rooms                                                           X               X               X               X   

Largest City                                                    X               X               X               X   

Family Dummies                                                  X               X               X               X   
--------------------------------------------------------------------------------------------------------------------
Observations                  369             366             366             366             366             366   
R-squared                   0.088           0.089           0.226           0.226           0.226           0.226   
