                              (1)             (2)             (3)             (4)             (5)             (6)   
                       Mfracrec97      Mfracrec97      Mfracrec97      Mfracrec97      Mfracrec97      Mfracrec97   
--------------------------------------------------------------------------------------------------------------------
Black                       0.542           0.699*          0.594           0.594           0.661           0.661   
                          (0.332)         (0.342)         (0.343)         (0.344)         (0.342)         (0.343)   

% Married                   0.456           0.642           0.465           0.465           0.568           0.569   
                          (0.363)         (0.380)         (0.365)         (0.368)         (0.370)         (0.373)   

Black * % Married          -0.769          -0.920          -0.804          -0.804          -0.861          -0.861   
                          (0.546)         (0.548)         (0.587)         (0.586)         (0.573)         (0.572)   

Child Age (Months)                        0.00102                                        0.000110        0.000110   
                                        (0.00133)                                       (0.00176)       (0.00176)   

Child Age$^2$/1000                       -0.00381                                         0.00516         0.00516   
                                        (0.00798)                                        (0.0103)        (0.0103)   

Mom HS Grad                                0.0631           0.103           0.103          0.0764          0.0763   
                                         (0.0671)        (0.0661)        (0.0658)        (0.0674)        (0.0671)   

Mom Col. Grad                              0.0270          0.0275          0.0275          0.0155          0.0155   
                                         (0.0357)        (0.0359)        (0.0362)        (0.0365)        (0.0366)   

Dad HS Grad                               -0.0349         -0.0449         -0.0449         -0.0366         -0.0366   
                                         (0.0622)        (0.0659)        (0.0659)        (0.0648)        (0.0648)   

Dad Col. Grad                              0.0405          0.0500          0.0500          0.0335          0.0335   
                                         (0.0353)        (0.0343)        (0.0344)        (0.0355)        (0.0355)   

Urban Area                               -0.00783                         0.00124                        -0.00131   
                                          (0.102)                        (0.0981)                        (0.0971)   

Age of Mother                             0.00320                                         0.00513         0.00514   
                                        (0.00340)                                       (0.00370)       (0.00371)   

Total Income / ~100k                       0.0424          0.0557          0.0557          0.0506          0.0507   
                                         (0.0327)        (0.0308)        (0.0310)        (0.0320)        (0.0321)   

Dummies                                                         X               X               X               X   
--------------------------------------------------------------------------------------------------------------------
Observations                  877             877             877             877             877             877   
R-squared                   0.004           0.033           0.072           0.072           0.079           0.079   
