                              (1)             (2)             (3)             (4)             (5)             (6)   
                     Mfractrav~97    Mfractrav~97    Mfractrav~97    Mfractrav~97    Mfractrav~97    Mfractrav~97   
--------------------------------------------------------------------------------------------------------------------
Black                      0.0919          0.0810          0.0820          0.0818          0.0869          0.0866   
                         (0.0748)        (0.0805)        (0.0831)        (0.0833)        (0.0854)        (0.0857)   

% Married                   0.131           0.125           0.130           0.130           0.140           0.139   
                         (0.0901)        (0.0992)        (0.0992)        (0.0995)         (0.103)         (0.104)   

Black * % Married          -0.100         -0.0840         -0.0799         -0.0824         -0.0833         -0.0850   
                         (0.0964)         (0.100)         (0.111)         (0.110)         (0.112)         (0.111)   

Child Age (Months)                      -0.000324                                       -0.000213       -0.000214   
                                       (0.000279)                                      (0.000235)      (0.000234)   

Child Age$^2$/1000                        0.00171                                         0.00155         0.00156   
                                        (0.00180)                                       (0.00166)       (0.00166)   

Mom HS Grad                               -0.0123*       -0.00704        -0.00693        -0.00936        -0.00921   
                                        (0.00555)       (0.00553)       (0.00553)       (0.00551)       (0.00558)   

Mom Col. Grad                            -0.00575        -0.00503        -0.00503        -0.00607        -0.00604   
                                        (0.00602)       (0.00665)       (0.00665)       (0.00603)       (0.00602)   

Dad HS Grad                              -0.00781         -0.0118         -0.0119         -0.0112         -0.0113   
                                        (0.00620)       (0.00918)       (0.00914)       (0.00887)       (0.00882)   

Dad Col. Grad                              0.0118          0.0104          0.0103         0.00852         0.00847   
                                        (0.00622)       (0.00606)       (0.00609)       (0.00677)       (0.00677)   

Urban Area                                0.00850                         0.00571                         0.00416   
                                        (0.00563)                       (0.00652)                       (0.00772)   

Age of Mother                          -0.0000658                                        0.000523        0.000506   
                                       (0.000473)                                      (0.000587)      (0.000609)   

Total Income / ~100k                     -0.00329        -0.00295        -0.00308        -0.00325        -0.00332   
                                        (0.00745)       (0.00748)       (0.00755)       (0.00730)       (0.00737)   

Dummies                                                         X               X               X               X   
--------------------------------------------------------------------------------------------------------------------
Observations                  854             854             854             854             854             854   
R-squared                   0.005           0.013           0.040           0.040           0.042           0.042   
