                              (1)             (2)             (3)             (4)             (5)             (6)   
                         Mlorec97        Mlorec97        Mlorec97        Mlorec97        Mlorec97        Mlorec97   
--------------------------------------------------------------------------------------------------------------------
Black                       1.617           2.527           1.942           1.992           2.290           2.327   
                          (2.369)         (2.323)         (2.446)         (2.444)         (2.412)         (2.411)   

% Married                   2.888           3.436           3.794           4.090           3.709           3.948   
                          (2.629)         (2.558)         (2.655)         (2.704)         (2.567)         (2.613)   

Black * % Married          -0.245          -1.509         -0.0750           0.153          -0.863          -0.674   
                          (3.835)         (3.769)         (3.949)         (3.903)         (3.984)         (3.953)   

Child Age (Months)                         0.0171*                                         0.0150          0.0146   
                                        (0.00664)                                       (0.00910)       (0.00915)   

Child Age$^2$/1000                        -0.0589                                         -0.0452         -0.0437   
                                         (0.0382)                                        (0.0508)        (0.0511)   

Mom HS Grad                                 0.379           0.504           0.507           0.571           0.569   
                                          (0.714)         (0.608)         (0.614)         (0.626)         (0.630)   

Mom Col. Grad                               0.230           0.217           0.228           0.192           0.200   
                                          (0.173)         (0.185)         (0.186)         (0.189)         (0.190)   

Dad HS Grad                                -0.297          -0.437          -0.445          -0.393          -0.399   
                                          (0.243)         (0.258)         (0.259)         (0.270)         (0.270)   

Dad Col. Grad                               0.448*          0.322           0.324           0.425*          0.424*  
                                          (0.184)         (0.195)         (0.196)         (0.192)         (0.193)   

Urban Area                                 -0.433                          -0.567                          -0.444   
                                          (0.422)                         (0.404)                         (0.449)   

Age of Mother                             -0.0270                                         -0.0270         -0.0261   
                                         (0.0188)                                        (0.0218)        (0.0218)   

Total Income / ~100k                       -0.159          -0.179          -0.153          -0.127          -0.108   
                                          (0.153)         (0.161)         (0.164)         (0.164)         (0.166)   

Dummies                                                         X               X               X               X   
--------------------------------------------------------------------------------------------------------------------
Observations                  348             348             348             348             348             348   
R-squared                   0.012           0.102           0.109           0.112           0.134           0.136   
